# Created by Octave 3.2.2, Sat Jan 23 21:21:26 2010 EST <matthewbot@Matt>
# name: samples
# type: matrix
# rows: 2134
# columns: 2
 0.021 1.051257
 0.011 1.051209
 0.01525 1.051116
 0.02125 1.050752
 0.02125 1.050798
 0.036 1.050848
 0.022 1.050858
 -0.00225 1.052606
 0.001 1.052499
 0.0285 1.052744
 -0.00275 1.052842
 0.02525 1.05275
 0.02925 1.053025
 0.03725 1.052801
 0.016 1.052815
 0.01925 1.052834
 0.01325 1.052999
 0.01375 1.053207
 0.029 1.053135
 0.04525 1.055814
 0.02 1.055759
 0.00125 1.055544
 0.0105 1.055407
 0.01125 1.055153
 0.0225 1.0551
 0.002 1.055287
 -0.003 1.052639
 0.005 1.052793
 0.0165 1.05288
 0.017 1.052763
 0.027 1.052532
 0.022 1.052132
 0.03325 1.051973
 0.04 1.05229
 0.018 1.05258
 0.00975 1.052705
 0.037 1.053041
 0.0345 1.052906
 0.0305 1.052647
 0.043 1.052471
 0.025 1.052225
 0.029 1.052343
 0.002 1.050644
 -0.007 1.050563
 0.00975 1.050677
 0.02575 1.050592
 0.027 1.050775
 0.02 1.050797
 0.028 1.050834
 0.02775 1.052377
 0.00725 1.052111
 0.01175 1.051973
 0.0165 1.052047
 0.02525 1.049443
 -0.00075 1.049791
 0.019 1.049936
 0.0385 1.050057
 0.008 1.050141
 0.04375 1.049946
 0.008 1.049645
 0.022 1.049259
 0.02375 1.049264
 0.04 1.04941
 0.0345 1.049601
 0.04125 1.049805
 0.013 1.049935
 0.01925 1.049529
 0.027 1.054543
 0.02575 1.054181
 0.0125 1.05542
 0.014 1.055748
 0.02325 1.055996
 0.01975 1.056273
 0.02525 1.056489
 0.0225 1.050999
 0.035 1.050749
 0.0025 1.047451
 0.035 1.047272
 0.041 1.047441
 0.04575 1.047337
 0.0365 1.047332
 0.036 1.050131
 0.0145 1.050081
 0.032 1.051764
 0.0405 1.051688
 0.012 1.051801
 0.0365 1.051784
 0.018 1.051478
 0.02975 1.05107
 0.025 1.050894
 0.02925 1.051166
 0.0205 1.051406
 0.021 1.051678
 0.00775 1.051856
 0.00575 1.051647
 0.01125 1.051466
 0.02325 1.051366
 0.01375 1.051084
 0.0345 1.051165
 0.013 1.051376
 0.00125 1.051513
 0.01575 1.049212
 0.02325 1.049306
 0.038 1.049037
 0.02725 1.04748
 0.015 1.047306
 0.01175 1.047211
 0.024 1.047429
 0.02 1.050159
 0.008999999999999999 1.050254
 0.042 1.053426
 0.039 1.053249
 0.0445 1.05312
 0.037 1.052915
 0.03175 1.052631
 0.01375 1.050115
 0.023 1.049933
 0.022 1.048505
 0.0165 1.048673
 0.0305 1.048613
 0.008 1.048759
 0.021 1.048802
 0.0285 1.051433
 0.008 1.051472
 0.02125 1.051329
 0.016 1.051916
 0.03325 1.051682
 0.008 1.051651
 0.07000000000000001 1.051885
 0.073 1.058458
 0.0645 1.058106
 0.003 1.052819
 -0.07275 1.054026
 -0.047 1.052081
 0.06125 1.05212
 0.008999999999999999 1.054014
 -0.114 1.04218
 -0.146 1.039946
 0.08975 1.042269
 0.32375 1.043226
 0.16325 1.039528
 0.044 1.039771
 0.08925 1.038872
 0.1 1.038628
 0.01975 1.042014
 0.077 1.053513
 -0.1795 1.052136
 -0.06950000000000001 1.049189
 -0.472 1.046979
 -0.242 1.058143
 0.275 1.054548
 0.253 1.051452
 1.06125 1.049365
 0.3925 1.050485
 0.008999999999999999 1.052619
 -0.707 1.052784
 -0.18025 1.037678
 0.10925 1.035846
 0.10525 1.039392
 0.98725 1.036989
 0.31125 1.036431
 -0.187 1.043005
 -0.148 1.043566
 0.09 1.050551
 0.88175 1.051313
 0.7325 1.05353
 -0.256 1.050628
 -0.54 1.047669
 -0.425 1.050611
 -0.28475 1.044765
 -0.18475 1.038014
 -0.469 1.02799
 -0.294 1.027064
 0.867 1.02573
 0.99325 1.05185
 0.74525 1.066006
 -0.399 1.069967
 -0.88675 1.061444
 -0.02025 1.058957
 0.81775 1.054647
 1.56525 1.062938
 0.56575 1.075037
 -1.23025 1.07772
 -1.8095 1.069562
 -1.07075 1.070667
 -0.04275 1.077342
 1.487 1.070429
 1.35725 1.062644
 0.598 1.059465
 -0.301 1.056123
 -0.96475 1.054046
 -1.6095 1.059697
 -0.747 1.061003
 0.09775 1.053668
 0.908 1.050421
 0.374 1.055698
 0.955 1.059857
 1.159 1.077184
 0.616 1.079388
 0.2585 1.0826
 -0.43675 1.091863
 -0.347 1.096599
 -0.669 1.099546
 -0.427 1.104403
 0.61 1.087329
 -0.4055 1.079588
 0.074 1.079069
 0.4825 1.08249
 0.08375 1.085159
 0.492 1.088976
 -0.956 1.083796
 -1.353 1.0838
 -0.828 1.085486
 0.18375 1.07618
 0.82725 1.075117
 0.428 1.072494
 0.14375 1.063998
 -0.179 1.059168
 -0.38875 1.056242
 0.55125 1.056062
 -0.02225 1.05071
 0.6045 1.043195
 0.6525 1.048373
 0.171 1.057919
 -0.921 1.052422
 -0.90025 1.046102
 -0.3 1.042303
 0.153 1.050754
 0.54975 1.074849
 -0.38625 1.06994
 -0.826 1.057651
 0.6485 1.054531
 2.272 1.063255
 2.23375 1.053108
 1.00975 1.048397
 -0.8035 1.029161
 -1.32275 1.039796
 -1.54 1.043548
 0.40175 1.035449
 1.91575 1.025323
 1.80575 1.020554
 0.8804999999999999 1.023984
 -0.9115 1.030935
 -1.10475 1.022635
 0.26975 1.027409
 1.00575 1.039556
 0.55325 1.039643
 0.08575000000000001 1.03056
 -0.26675 1.022006
 -0.50275 1.018397
 0.371 1.025664
 0.70525 1.023618
 0.556 1.01791
 -0.4415 1.016249
 -1.00675 1.023609
 -0.7767500000000001 1.024375
 0.49525 1.016342
 1.1945 1.007071
 0.98775 0.998759
 0.35925 1.004385
 0.316 1.006458
 0.56775 0.999302
 -0.251 0.986671
 -0.15625 0.986023
 0.2185 0.983029
 0.08575000000000001 0.97897
 -0.10825 0.965628
 -0.0255 0.970905
 0.98375 0.967208
 2.69 0.971348
 2.0345 0.9642539999999999
 -2.505 0.963659
 -3.93825 0.963467
 -0.40075 0.95903
 3.99975 0.955317
 2.966 0.955173
 -0.6879999999999999 0.950161
 -3.9455 0.946456
 -1.64075 0.951167
 1.182 0.951717
 2.315 0.951467
 -0.33275 0.952273
 -2.0755 0.968176
 -1.80425 0.967325
 0.57525 0.9637559999999999
 1.607 0.963919
 1.321 0.974539
 0.543 0.972835
 0.0805 0.966747
 -0.4035 0.96002
 -0.8655 0.971593
 -0.60225 0.974953
 0.44925 0.96973
 1.679 0.963682
 0.55775 0.970978
 -1.30225 0.973463
 -1.755 0.974768
 0.7025 0.973989
 2.222 0.98076
 1.26725 0.9772690000000001
 0.8065 0.982749
 -0.46825 0.980607
 -1.33425 0.978877
 -1.20875 0.980912
 0.0505 1.003937
 0.17175 1.007478
 -0.59075 1.005316
 0.28725 1.019753
 0.41925 1.033776
 -0.08799999999999999 1.033877
 -1.1495 1.026216
 -0.28625 1.027665
 -0.25025 1.023504
 -0.44825 1.025558
 -0.979 1.011784
 -0.9335 1.012206
 -0.825 1.008902
 -1.077 1.011103
 -0.017 1.003036
 2.2745 1.000248
 2.1205 1.00474
 -0.8175 1.016709
 -2.007 1.014646
 -1.7675 1.017379
 0.87375 1.019871
 1.274 1.029755
 1.003 1.026017
 0.05525 1.016823
 -0.3495 1.01476
 0.59375 1.033936
 0.65325 1.027881
 0.39175 1.015844
 -0.38025 1.028656
 -1.12075 1.035583
 -0.8975 1.039437
 1.528 1.039038
 2.12925 1.034735
 -0.083 1.040228
 -2.31475 1.042442
 -1.591 1.039848
 0.887 1.043896
 1.23725 1.042179
 -0.35875 1.045788
 -1.107 1.048487
 -1.5215 1.054424
 -1.598 1.055671
 -0.0115 1.050222
 1.30125 1.054706
 0.50575 1.053458
 -0.90025 1.055761
 -1.10075 1.053877
 -0.891 1.057786
 -0.17425 1.069592
 0.85175 1.063702
 2.001 1.062023
 0.32775 1.067591
 -0.85 1.065895
 -0.597 1.070459
 0.65 1.055419
 1.76375 1.068414
 0.2045 1.058073
 -0.47825 1.057452
 -2.17025 1.043587
 -2.9 1.063696
 -2.67275 1.074139
 0.94975 1.068369
 3.54575 1.066763
 2.0885 1.078373
 -1.3975 1.097593
 -2.24075 1.08748
 0.187 1.085745
 2.522 1.090249
 1.71175 1.092996
 -1.23425 1.088489
 -1.923 1.080646
 0.49975 1.08257
 2.0805 1.088164
 -0.30625 1.095455
 -2.848 1.088877
 -1.70275 1.085361
 1.4125 1.095813
 2.52775 1.084165
 0.92775 1.086724
 -0.211 1.079265
 0.45975 1.089624
 0.8725000000000001 1.095904
 -0.039 1.097954
 -1.22475 1.092483
 -0.548 1.085678
 1.775 1.08464
 2.472 1.0869
 0.28575 1.092503
 -2.343 1.091111
 -1.46225 1.091867
 0.4765 1.086814
 1.605 1.08811
 0.695 1.090951
 -1.4855 1.089763
 0.0645 1.091947
 0.1925 1.110029
 -0.1215 1.137687
 -2.93225 1.128812
 -1.46 1.134213
 1.40925 1.126254
 3.455 1.128731
 1.854 1.11737
 -1.422 1.118586
 -0.7 1.108433
 0.898 1.110908
 1.066 1.104437
 -2.44225 1.104647
 -2.4815 1.099933
 0.54325 1.127111
 3.67775 1.121014
 1.7925 1.111847
 -0.417 1.107682
 -1.222 1.097017
 0.353 1.127634
 1.6525 1.132648
 0.118 1.128812
 -3.657 1.120745
 -2.153 1.113521
 1.1725 1.115602
 3.08525 1.124256
 1.0545 1.120417
 -1.817 1.117592
 -2.407 1.1218
 -0.106 1.114599
 0.6925 1.105078
 0.495 1.096733
 -0.503 1.108255
 -0.35075 1.12051
 -0.0355 1.115278
 -1.576 1.114218
 -0.414 1.114288
 -0.75825 1.127874
 0.67725 1.118027
 -0.11475 1.120502
 0.68525 1.122306
 -0.31825 1.119454
 -1.137 1.105256
 -1.571 1.100173
 -0.7435 1.108205
 0.40725 1.105058
 1.445 1.094877
 1.1345 1.094586
