# Created by Octave 3.0.5, Wed Nov 25 22:41:57 2009 EST <matthewbot@Matt>
# name: samples
# type: matrix
# rows: 4273
# columns: 2
 -0.238513 0.0036
 -0.244651 0.0236
 -0.236441 0.0036
 -0.230226 0.0156
 -0.23938 -0.0204
 -0.227318 0.0036
 -0.237938 -0.0004
 -0.230784 -0.008399999999999999
 -0.236504 0.0116
 -0.240444 0.0116
 -0.229538 -0.0044
 -0.242528 0.0076
 -0.242515 0.0156
 -0.230929 -0.0204
 -0.248083 -0.008399999999999999
 -0.238949 0.0116
 -0.237383 -0.0004
 -0.236451 0.0116
 -0.24571 -0.008399999999999999
 -0.237947 0.0036
 -0.227554 0.0036
 -0.226654 0.0036
 -0.245095 0.0156
 -0.232694 0.0076
 -0.231699 -0.0004
 -0.236958 -0.0044
 -0.235809 0.0076
 -0.241974 0.0036
 -0.233871 -0.0044
 -0.22559 -0.0004
 -0.244512 0.0036
 -0.233353 -0.0004
 -0.237822 -0.0044
 -0.233649 0.0076
 -0.256065 -0.0284
 -0.247623 0.0036
 -0.22645 0.0036
 -0.234316 -0.008399999999999999
 -0.214012 0.0236
 -0.241517 -0.0124
 -0.23841 -0.0124
 -0.218224 0.0076
 -0.23432 0.0116
 -0.248083 0.0116
 -0.222401 0.0276
 -0.229239 -0.0044
 -0.242027 0.0036
 -0.236819 0.0036
 -0.228057 0.0036
 -0.243698 -0.0004
 -0.248236 -0.0124
 -0.240962 0.0116
 -0.235831 0.0076
 -0.236817 -0.0124
 -0.226544 -0.0044
 -0.225796 0.0156
 -0.235469 0.0076
 -0.237951 0.0076
 -0.234751 -0.0044
 -0.238423 0.0036
 -0.221021 -0.0004
 -0.23636 -0.0324
 -0.239468 -0.0124
 -0.246174 -0.0244
 -0.240949 -0.0044
 -0.23467 0.0276
 -0.240012 -0.0004
 -0.240498 -0.0044
 -0.233331 0.0196
 -0.246674 -0.0004
 -0.237885 0.0116
 -0.239928 0.0036
 -0.229528 0.0036
 -0.240444 0.0196
 -0.248295 -0.0244
 -0.256551 0.0076
 -0.245535 -0.0004
 -0.23001 0.0076
 -0.228908 -0.0044
 -0.249802 0.0196
 -0.250817 0.0076
 -0.241552 0.0036
 -0.229064 0.0276
 -0.242563 -0.008399999999999999
 -0.248678 0.0196
 -0.254967 -0.0124
 -0.246775 -0.0244
 -0.241542 -0.008399999999999999
 -0.237475 0.0156
 -0.241677 0.0076
 -0.246183 0.0076
 -0.240012 0.0156
 -0.249716 -0.0204
 -0.239264 -0.0284
 -0.240471 0.0036
 -0.237348 -0.008399999999999999
 -0.239468 0.0076
 -0.251801 -0.0044
 -0.232163 -0.008399999999999999
 -0.238318 0.0116
 -0.248678 0.0236
 -0.231037 0.0076
 -0.235164 -0.0044
 -0.23313 -0.0004
 -0.249716 0.0156
 -0.231465 -0.0124
 -0.228504 -0.008399999999999999
 -0.238361 0.0196
 -0.241974 -0.008399999999999999
 -0.234838 -0.0164
 -0.231294 -0.0004
 -0.232163 -0.008399999999999999
 -0.229716 -0.0044
 -0.234838 0.0116
 -0.231197 -0.0044
 -0.22713 0.0036
 -0.243582 -0.008399999999999999
 -0.232922 -0.008399999999999999
 -0.247715 -0.0164
 -0.256658 -0.0164
 -0.244047 -0.0164
 -0.235174 -0.008399999999999999
 -0.230002 -0.0204
 -0.231957 -0.0124
 -0.250807 -0.0124
 -0.23937 0.0036
 -0.234188 0.0116
 -0.243582 -0.0004
 -0.245687 -0.0004
 -0.245687 -0.0004
 -0.241022 0.0036
 -0.230753 -0.0124
 -0.235164 0.0236
 -0.237348 -0.0004
 -0.229158 -0.0044
 -0.241542 0.0036
 -0.242541 -0.008399999999999999
 -0.243577 0.0036
 -0.248851 -0.0164
 -0.241488 -0.0164
 -0.242541 -0.0004
 -0.254969 0.0076
 -0.241425 0.0116
 -0.224933 0.0116
 -0.254969 0.0036
 -0.242583 -0.0004
 -0.240471 0.0036
 -0.246775 -0.0004
 -0.242578 -0.0044
 -0.25711 -0.0004
 -0.249902 -0.008399999999999999
 -0.24778 0.0036
 -0.229986 0.0116
 -0.245652 0.0076
 -0.241974 0.0236
 -0.22159 -0.008399999999999999
 -0.228879 -0.0004
 -0.232225 0.0036
 -0.243698 0.0156
 -0.239506 0.0036
 -0.241542 -0.0004
 -0.253445 -0.0044
 -0.232694 0.0036
 -0.240475 0.0076
 -0.236304 -0.0004
 -0.247745 -0.0124
 -0.240475 -0.0044
 -0.244683 -0.008399999999999999
 -0.252989 -0.0004
 -0.2665 0.0116
 -0.259004 0.0076
 -0.241488 -0.0124
 -0.236819 0.0196
 -0.247138 -0.0164
 -0.240394 -0.0004
 -0.224933 -0.0044
 -0.232163 -0.0004
 -0.248751 0.0116
 -0.259266 -0.0044
 -0.239719 0.0196
 -0.231197 0.0116
 -0.226636 0.0036
 -0.251361 0.0076
 -0.242723 -0.0204
 -0.234375 0.0076
 -0.256912 0.0036
 -0.241488 -0.0164
 -0.233413 -0.008399999999999999
 -0.231919 -0.0124
 -0.240558 -0.0284
 -0.176183 0.0036
 -0.249822 0.0076
 -0.252325 0.0036
 -0.235991 0.0076
 -0.240995 -0.0204
 -0.226581 0.0076
 -0.244582 0.0076
 -0.249827 0.0156
 -0.24461 0.0036
 -0.240471 -0.008399999999999999
 -0.241542 -0.0004
 -0.241552 -0.0004
 -0.248882 0.0396
 -0.230753 0.0076
 -0.22671 -0.0044
 -0.235809 0.0076
 -0.237938 0.0036
 -0.231294 0.0116
 -0.250944 0.0156
 -0.240962 0.0236
 -0.242053 0.0076
 -0.244075 -0.0204
 -0.245089 -0.0044
 -0.225543 -0.008399999999999999
 -0.236341 0.0116
 -0.255006 -0.0004
 -0.239366 0.0196
 -0.252891 -0.0044
 -0.24557 0.0076
 -0.243563 0.0116
 -0.254092 0.0116
 -0.248857 -0.0124
 -0.245597 -0.0124
 -0.240471 -0.0124
 -0.24143 -0.0044
 -0.245112 -0.0004
 -0.240012 -0.0004
 -0.254056 0.0076
 -0.250865 0.0076
 -0.240399 0.0236
 -0.237348 -0.0004
 -0.235345 -0.0044
 -0.231245 -0.008399999999999999
 -0.248819 0.0076
 -0.243555 0.0076
 -0.256036 0.0076
 -0.240605 0.0116
 -0.246775 0.0116
 -0.253929 0.0236
 -0.23937 0.0196
 -0.243139 -0.008399999999999999
 -0.251922 0.0076
 -0.240471 -0.0004
 -0.243541 0.0156
 -0.237208 0.0156
 -0.231209 -0.0004
 -0.248857 -0.0124
 -0.243603 -0.0004
 -0.231015 0.0316
 -0.243729 0.0076
 -0.254426 -0.0004
 -0.255485 0.0116
 -0.252972 0.0156
 -0.238361 0.0076
 -0.240483 -0.0044
 -0.259234 0.0076
 -0.244596 -0.0124
 -0.239366 0.0036
 -0.260157 0.0036
 -0.260157 0.0036
 -0.238089 0.0116
 -0.247803 0.0036
 -0.251922 -0.0244
 -0.242599 0.0076
 -0.235205 0.0036
 -0.229158 -0.0044
 -0.231282 0.0036
 -0.243555 -0.0164
 -0.237348 -0.0044
 -0.260242 0.0156
 -0.245192 -0.0004
 -0.246183 -0.008399999999999999
 -0.243691 0.0076
 -0.233253 0.0076
 -0.235788 0.0156
 -0.250342 -0.0004
 -0.255152 -0.0044
 -0.243541 -0.0124
 -0.238361 -0.0124
 -0.227997 0.0036
 -0.242113 -0.0164
 -0.249907 -0.0044
 -0.242498 -0.0164
 -0.250897 0.0076
 -0.249716 -0.0044
 -0.244047 -0.0004
 -0.226581 -0.0004
 -0.252464 -0.0044
 -0.259556 -0.0204
 -0.248236 0.0196
 -0.248293 -0.0004
 -0.246203 -0.0004
 -0.256036 -0.0004
 -0.246727 -0.0124
 -0.240408 -0.0004
 -0.238361 0.0196
 -0.248155 -0.0124
 -0.252286 0.0116
 -0.249271 -0.008399999999999999
 -0.244134 -0.0004
 -0.250217 0.0076
 -0.245697 -0.0004
 -0.242596 0.0076
 -0.235928 0.0116
 -0.239928 0.0116
 -0.239468 -0.008399999999999999
 -0.248857 -0.0044
 -0.255503 0.0156
 -0.25736 -0.0164
 -0.244166 -0.008399999999999999
 -0.248247 0.0036
 -0.251512 0.0076
 -0.256284 0.0076
 -0.243634 0.0236
 -0.254481 -0.0044
 -0.235823 0.0156
 -0.244651 0.0116
 -0.23937 -0.0044
 -0.244154 0.0036
 -0.245119 -0.0044
 -0.257377 -0.0044
 -0.23916 -0.0004
 -0.236039 -0.008399999999999999
 -0.249271 -0.0244
 -0.243007 0.0036
 -0.236379 -0.0164
 -0.258985 0.0036
 -0.235362 -0.0004
 -0.256996 -0.008399999999999999
 -0.26233 0.0036
 -0.24264 0.0076
 -0.240049 -0.0044
 -0.249281 -0.0124
 -0.23696 -0.008399999999999999
 -0.238949 0.0076
 -0.254461 -0.0004
 -0.241542 -0.0044
 -0.247803 -0.0044
 -0.24264 0.0116
 -0.239469 -0.0044
 -0.23607 0.0076
 -0.246245 0.0076
 -0.234112 -0.0004
 -0.245695 -0.0044
 -0.24557 -0.0004
 -0.24557 -0.0004
 -0.243541 -0.0244
 -0.236819 -0.0124
 -0.24201 -0.0124
 -0.262404 0.0076
 -0.246756 0.0116
 -0.240152 0.0076
 -0.253934 -0.0044
 -0.247729 -0.0124
 -0.257304 -0.008399999999999999
 -0.230972 0.0076
 -0.223402 -0.008399999999999999
 -0.258502 -0.0004
 -0.250384 -0.0044
 -0.242113 0.0036
 -0.257427 -0.0044
 -0.240152 -0.0004
 -0.251245 -0.0044
 -0.243149 -0.008399999999999999
 -0.238992 0.0116
 -0.244582 0.0236
 -0.240605 -0.0004
 -0.248857 -0.008399999999999999
 -0.249854 -0.0004
 -0.2503 -0.0164
 -0.244185 -0.008399999999999999
 -0.248302 0.0116
 -0.259113 0.0036
 -0.263127 -0.0004
 -0.261236 0.0036
 -0.247775 -0.0284
 -0.228908 0.0036
 -0.256009 0.0036
 -0.241946 0.0036
 -0.232625 -0.008399999999999999
 -0.252337 -0.0124
 -0.247212 0.0116
 -0.25242 0.0076
 -0.25407 0.0196
 -0.243555 -0.0044
 -0.241559 -0.0124
 -0.257138 0.0156
 -0.255485 -0.008399999999999999
 -0.230693 -0.0044
 -0.249324 -0.0004
 -0.244185 0.0036
 -0.241127 -0.0044
 -0.243668 -0.0044
 -0.259053 -0.0044
 -0.244705 -0.0284
 -0.233253 0.0076
 -0.247138 -0.0044
 -0.250342 0.0036
