# Created by Octave 3.2.2, Fri Jan 08 23:36:30 2010 EST <matthewbot@Matt>
# name: samples
# type: matrix
# rows: 2258
# columns: 2
 0.594441 -0.1415
 0.594441 -0.14275
 0.594441 -0.074
 0.594441 0.016
 0.594441 0.01
 0.594441 -0.115
 0.594441 -0.17625
 0.578131 -0.13875
 0.578131 -0.032
 0.578131 -0.01475
 0.578131 -0.111
 0.578131 -0.1875
 0.578131 -0.08799999999999999
 0.578131 -0.0075
 0.567331 -0.01075
 0.567331 -0.095
 0.567331 -0.14225
 0.567331 -0.155
 0.567331 -0.055
 0.567331 -0.024
 0.567331 -0.07025000000000001
 0.54741 -0.0835
 0.54741 -0.098
 0.54741 -0.0915
 0.54741 -0.0955
 0.54741 -0.07275
 0.54741 -0.10425
 0.54741 -0.1055
 0.580524 -0.077
 0.580524 -0.09475
 0.580524 -0.094
 0.580524 -0.0975
 0.580524 -0.08599999999999999
 0.580524 -0.06875000000000001
 0.580524 -0.07149999999999999
 0.587239 -0.0735
 0.587239 -0.082
 0.587239 -0.0755
 0.587239 -0.07825
 0.587239 -0.09825
 0.587239 -0.11
 0.587239 -0.0915
 0.599807 -0.08749999999999999
 0.599807 -0.09825
 0.599807 -0.073
 0.599807 -0.07099999999999999
 0.599807 -0.09950000000000001
 0.599807 -0.07275
 0.599807 -0.076
 0.604152 -0.0635
 0.604152 -0.07199999999999999
 0.604152 -0.056
 0.604152 -0.07199999999999999
 0.604152 -0.08599999999999999
 0.604152 -0.09675
 0.604152 -0.073
 0.566174 -0.08825
 0.566174 -0.07149999999999999
 0.566174 -0.082
 0.566174 -0.058
 0.566174 -0.062
 0.566174 -0.074
 0.565304 -0.09025
 0.565304 -0.08599999999999999
 0.565304 -0.08400000000000001
 0.565304 -0.075
 0.565304 -0.068
 0.565304 -0.08550000000000001
 0.565304 -0.0755
 0.57947 -0.036
 0.57947 -0.018
 0.57947 -0.041
 0.57947 -0.04675
 0.57947 -0.03675
 0.57947 -0.0515
 0.57947 -0.06425
 0.570257 -0.0455
 0.570257 -0.052
 0.570257 -0.026
 0.570257 -0.08425000000000001
 0.570257 -0.106
 0.570257 -0.10625
 0.570257 -0.102
 0.612498 -0.09475
 0.612498 -0.077
 0.612498 -0.12025
 0.612498 -0.14275
 0.612498 -0.138
 0.612498 -0.143
 0.612498 -0.13625
 0.562348 -0.127
 0.562348 -0.12275
 0.562348 -0.124
 0.562348 -0.1055
 0.562348 -0.119
 0.562348 -0.109
 0.562348 -0.06675
 0.598458 -0.09475
 0.598458 -0.1055
 0.598458 -0.07825
 0.598458 -0.089
 0.598458 -0.0615
 0.598458 -0.061
 0.598458 -0.06
 0.581294 -0.056
 0.581294 -0.07425
 0.581294 -0.068
 0.581294 -0.06875000000000001
 0.581294 -0.0755
 0.581294 -0.083
 0.581294 -0.08475000000000001
 0.585016 -0.10225
 0.585016 -0.11675
 0.585016 -0.092
 0.585016 -0.095
 0.585016 -0.09275
 0.585016 -0.097
 0.585016 -0.115
 0.57575 -0.128
 0.57575 -0.10625
 0.57575 -0.098
 0.57575 -0.1155
 0.57575 -0.12225
 0.57575 -0.101
 0.57575 -0.1035
 0.590765 -0.109
 0.590765 -0.08500000000000001
 0.590765 -0.08500000000000001
 0.590765 -0.102
 0.590765 -0.06900000000000001
 0.590765 -0.08275
 0.590765 -0.0935
 0.58755 -0.04875
 0.58755 -0.07199999999999999
 0.58755 -0.08550000000000001
 0.58755 -0.08699999999999999
 0.58755 -0.09425
 0.58755 -0.1115
 0.58755 -0.09275
 0.589544 -0.10225
 0.589544 -0.11425
 0.589544 -0.09675
 0.589544 -0.12675
 0.589544 -0.12625
 0.589544 -0.1215
 0.589544 -0.1355
 0.564446 -0.14075
 0.564446 -0.13025
 0.564446 -0.134
 0.564446 -0.115
 0.564446 -0.133
 0.564446 -0.12275
 0.564446 -0.14625
 0.587291 -0.13275
 0.587291 -0.1315
 0.587291 -0.14225
 0.587291 -0.1335
 0.587291 -0.1175
 0.587291 -0.11875
 0.587291 -0.14
 0.581054 -0.13475
 0.581054 -0.13475
 0.581054 -0.142
 0.581054 -0.129
 0.581054 -0.15675
 0.581054 -0.17875
 0.581054 -0.15675
 0.605311 -0.1635
 0.605311 -0.15825
 0.605311 -0.184
 0.605311 -0.192
 0.605311 -0.204
 0.605311 -0.205
 0.605311 -0.217
 0.5790149999999999 -0.236
 0.5790149999999999 -0.22225
 0.5790149999999999 -0.23875
 0.5790149999999999 -0.24275
 0.5790149999999999 -0.25475
 0.5790149999999999 -0.29475
 0.5790149999999999 -0.277
 0.540608 -0.3035
 0.540608 -0.293
 0.540608 -0.3275
 0.540608 -0.318
 0.540608 -0.31475
 0.540608 -0.336
 0.540608 -0.336
 0.540245 -0.36225
 0.540245 -0.376
 0.540245 -0.388
 0.540245 -0.3795
 0.540245 -0.36425
 0.540245 -0.417
 0.552311 -0.40675
 0.552311 -0.433
 0.552311 -0.44025
 0.552311 -0.441
 0.552311 -0.44475
 0.552311 -0.46275
 0.552311 -0.43675
 0.581587 -0.4555
 0.581587 -0.495
 0.581587 -0.5095
 0.581587 -0.49025
 0.581587 -0.503
 0.581587 -0.50875
 0.581587 -0.50225
 0.523558 -0.5075
 0.523558 -0.4975
 0.523558 -0.49825
 0.523558 -0.48875
 0.523558 -0.494
 0.523558 -0.50075
 0.523558 -0.465
 0.488942 -0.427
 0.488942 -0.39275
 0.488942 -0.346
 0.488942 -0.2855
 0.488942 -0.24275
 0.488942 -0.2
 0.488942 -0.14
 0.508227 -0.10275
 0.508227 -0.0795
 0.508227 -0.02825
 0.508227 -0.017
 0.508227 -0.02675
 0.508227 -0.025
 0.508227 -0.0395
 0.557003 -0.0655
 0.557003 -0.0915
 0.557003 -0.13075
 0.557003 -0.1355
 0.557003 -0.11075
 0.557003 -0.1
 0.557003 -0.1155
 0.484747 -0.09075
 0.484747 -0.09825
 0.484747 -0.0655
 0.484747 -0.04025
 0.484747 -0.027
 0.484747 -0.03825
 0.484747 -0.04675
 0.480304 -0.065
 0.480304 -0.055
 0.480304 -0.06225
 0.480304 -0.08875
 0.480304 -0.082
 0.480304 -0.0975
 0.480304 -0.115
 0.517548 -0.11625
 0.517548 -0.137
 0.517548 -0.15675
 0.517548 -0.1115
 0.517548 -0.11425
 0.517548 -0.1135
 0.517548 -0.092
 0.464979 -0.08674999999999999
 0.464979 -0.053
 0.464979 -0.06425
 0.464979 -0.07025000000000001
 0.464979 -0.04625
 0.464979 -0.0375
 0.464979 -0.06
 0.4982 -0.05425
 0.4982 -0.082
 0.4982 -0.07099999999999999
 0.4982 -0.07149999999999999
 0.4982 -0.05275
 0.4982 -0.09075
 0.4982 -0.092
 0.489698 -0.09825
 0.489698 -0.061
 0.489698 -0.081
 0.489698 -0.065
 0.489698 -0.098
 0.489698 -0.08225
 0.489698 -0.092
 0.503285 -0.11025
 0.503285 -0.1135
 0.503285 -0.09275
 0.503285 -0.08400000000000001
 0.503285 -0.10875
 0.503285 -0.09675
 0.503285 -0.095
 0.485451 -0.10625
 0.485451 -0.09275
 0.485451 -0.094
 0.485451 -0.093
 0.485451 -0.10075
 0.485451 -0.094
 0.485451 -0.078
 0.492972 -0.08599999999999999
 0.492972 -0.078
 0.492972 -0.077
 0.492972 -0.081
 0.492972 -0.0955
 0.492972 -0.1055
 0.492972 -0.097
 0.493262 -0.09875
 0.493262 -0.07675
 0.493262 -0.0775
 0.493262 -0.106
 0.493262 -0.0795
 0.493262 -0.08275
 0.493262 -0.093
 0.495131 -0.1175
 0.495131 -0.089
 0.495131 -0.0915
 0.495131 -0.09675
 0.495131 -0.08550000000000001
 0.495131 -0.09825
 0.495131 -0.099
 0.49727 -0.08699999999999999
 0.49727 -0.08674999999999999
 0.49727 -0.10225
 0.49727 -0.09
 0.49727 -0.07099999999999999
 0.49727 -0.0795
 0.517907 -0.09225
 0.517907 -0.09
 0.517907 -0.06275
 0.517907 -0.053
 0.517907 -0.0735
 0.517907 -0.07275
 0.517907 -0.0755
 0.48662 -0.07825
 0.48662 -0.04425
 0.48662 -0.03275
 0.48662 -0.05825
 0.48662 -0.03875
 0.48662 -0.0415
 0.48662 -0.0275
 0.494862 -0.056
 0.494862 -0.052
 0.494862 -0.0275
 0.494862 -0.015
 0.494862 -0.00625
 0.494862 0.008
 0.494862 0.01325
 0.487769 0.0065
 0.487769 0.04125
 0.487769 0.039
 0.487769 0.068
 0.487769 0.06850000000000001
 0.487769 0.07975
 0.487769 0.113
 0.530201 0.1165
 0.530201 0.117
 0.530201 0.10725
 0.530201 0.14
 0.530201 0.1505
 0.530201 0.169
 0.530201 0.15725
 0.480818 0.18975
 0.480818 0.192
 0.480818 0.18325
 0.480818 0.22125
 0.480818 0.2225
 0.480818 0.222
 0.480818 0.24575
 0.5107390000000001 0.252
 0.5107390000000001 0.2765
 0.5107390000000001 0.271
 0.5107390000000001 0.273
 0.5107390000000001 0.28325
 0.5107390000000001 0.298
 0.5107390000000001 0.29375
 0.520638 0.29125
 0.520638 0.335
 0.520638 0.32325
 0.520638 0.31125
 0.520638 0.34175
 0.520638 0.37975
 0.520638 0.376
 0.546906 0.33975
 0.546906 0.3165
 0.546906 0.316
 0.546906 0.36525
 0.546906 0.365
 0.546906 0.356
 0.546906 0.328
 0.581992 0.319
 0.581992 0.32175
 0.581992 0.32375
 0.581992 0.31325
 0.581992 0.311
 0.581992 0.32125
 0.581992 0.31125
 0.5821 0.303
 0.5821 0.29
 0.5821 0.2905
 0.5821 0.29175
 0.5821 0.29325
 0.5821 0.293
 0.5821 0.299
 0.597415 0.275
 0.597415 0.29
 0.597415 0.289
 0.597415 0.30375
 0.597415 0.305
 0.597415 0.326
 0.597415 0.3245
 0.598241 0.3125
 0.598241 0.336
 0.598241 0.32125
 0.598241 0.317
 0.598241 0.3125
 0.598241 0.3025
 0.598241 0.32325
 0.6338 0.30575
 0.6338 0.31325
 0.6338 0.282
